13 0.9671875 0.590625 0.046875 0.1265625
13 0.93046875 0.58203125 0.05625 0.146875
13 0.9046875 0.575 0.0546875 0.1296875
13 0.73671875 0.6453125 0.0875 0.2140625
13 0.671875 0.56171875 0.0546875 0.1265625
13 0.71171875 0.56015625 0.065625 0.1359375
13 0.3828125 0.39609375 0.059375 0.1125
13 0.353125 0.353125 0.0515625 0.1046875
13 0.28828125 0.26171875 0.059375 0.115625
13 0.25390625 0.221875 0.05625 0.1140625
13 0.2078125 0.15703125 0.046875 0.09375
13 0.1609375 0.103125 0.04375 0.0984375
13 0.11015625 0.065625 0.040625 0.0984375
13 0.0859375 0.0421875 0.040625 0.084375