13 0.96484375 0.51328125 0.0234375 0.1203125
13 0.92890625 0.51171875 0.03046875 0.13671875
13 0.903125 0.51015625 0.03203125 0.12109375
13 0.75625 0.60390625 0.05 0.20078125
13 0.68046875 0.5359375 0.03203125 0.1171875
13 0.71796875 0.52734375 0.040625 0.12578125
13 0.378125 0.4265625 0.0390625 0.103125
13 0.3421875 0.39140625 0.03203125 0.09609375
13 0.26640625 0.315625 0.0390625 0.10625
13 0.2265625 0.2828125 0.0375 0.10625
13 0.17265625 0.2296875 0.03046875 0.08515625
13 0.11875 0.1859375 0.028125 0.090625
13 0.0640625 0.159375 0.025 0.0921875
13 0.0359375 0.13828125 0.028125 0.08671875
13 0.009375 0.13359375 0.01796875 0.08203125