13 0.9828125 0.515625 0.034375 0.13125
13 0.94609375 0.51640625 0.0421875 0.1484375
13 0.91875 0.51640625 0.04375 0.1328125
13 0.7671875 0.628125 0.06875 0.21875
13 0.68125 0.56015625 0.04375 0.128125
13 0.72109375 0.5484375 0.053125 0.1375
13 0.35 0.46640625 0.05 0.1140625
13 0.30859375 0.43125 0.0421875 0.1046875
13 0.221875 0.35546875 0.0484375 0.1171875
13 0.1765625 0.3234375 0.0484375 0.1171875
13 0.11484375 0.27109375 0.0390625 0.09375
13 0.053125 0.228125 0.0359375 0.1
13 0.0046875 0.20234375 0.009375 0.1015625