13 0.9671875 0.50546875 0.03359375 0.1265625
13 0.93359375 0.5125 0.0359375 0.11875
13 0.9015625 0.5046875 0.0375 0.14921875
13 0.75703125 0.596875 0.0515625 0.1921875
13 0.6796875 0.52734375 0.025 0.12578125
13 0.72109375 0.528125 0.01953125 0.11875
13 0.37578125 0.41953125 0.0375 0.09609375
13 0.34140625 0.3828125 0.04296875 0.08203125
13 0.26875 0.31328125 0.040625 0.11015625
13 0.221875 0.2703125 0.0359375 0.1046875
13 0.16953125 0.22421875 0.040625 0.0796875
13 0.1125 0.1828125 0.02109375 0.08125
13 0.05625 0.15 0.0234375 0.1046875
13 0.03515625 0.13984375 0.025 0.08515625
13 0.009375 0.13671875 0.01640625 0.09765625