13 0.96875 0.6421875 0.053125 0.1359375
13 0.940625 0.6453125 0.0671875 0.13125
13 0.91015625 0.628125 0.0765625 0.1640625
13 0.73671875 0.6859375 0.103125 0.2109375
13 0.675 0.5953125 0.0578125 0.134375
13 0.71796875 0.60703125 0.0515625 0.128125
13 0.39140625 0.40625 0.0640625 0.1078125
13 0.3640625 0.36015625 0.0671875 0.096875
13 0.3078125 0.26953125 0.0703125 0.125
13 0.27109375 0.2125 0.0640625 0.115625
13 0.22890625 0.15234375 0.0625 0.0921875
13 0.18046875 0.0953125 0.0421875 0.0890625
13 0.13046875 0.05234375 0.0515625 0.1046875
13 0.1125 0.0390625 0.04375 0.078125