13 0.95703125 0.41796875 0.0578125 0.13125
13 0.9265625 0.42734375 0.05625 0.125
13 0.765625 0.51171875 0.0765625 0.1828125
13 0.72265625 0.4765625 0.059375 0.11875
13 0.69375 0.48984375 0.05625 0.11875
13 0.45390625 0.5015625 0.078125 0.14375
13 0.40078125 0.4640625 0.06875 0.1234375
13 0.3234375 0.4125 0.0578125 0.115625
13 0.27734375 0.39375 0.0703125 0.1046875
13 0.19453125 0.33359375 0.046875 0.0984375
13 0.12265625 0.28984375 0.04375 0.096875
13 0.07890625 0.2734375 0.0453125 0.109375
13 0.0484375 0.25546875 0.040625 0.0875
13 0.01796875 0.24296875 0.0359375 0.1015625