13 0.96171875 0.51171875 0.03515625 0.12578125
13 0.93046875 0.51484375 0.03359375 0.1203125
13 0.75859375 0.56640625 0.04296875 0.17578125
13 0.7234375 0.52421875 0.0375 0.11328125
13 0.69296875 0.53125 0.03515625 0.11171875
13 0.45859375 0.4984375 0.0546875 0.13359375
13 0.41328125 0.4515625 0.04609375 0.115625
13 0.3484375 0.38671875 0.0359375 0.10859375
13 0.30703125 0.36015625 0.053125 0.09453125
13 0.2375 0.28515625 0.0296875 0.09375
13 0.1765625 0.23046875 0.0265625 0.0921875
13 0.13671875 0.2046875 0.025 0.10625
13 0.1109375 0.18203125 0.0234375 0.08515625
13 0.078125 0.1640625 0.03046875 0.09609375
13 0.04375 0.13984375 0.0375 0.11171875