13 0.95234375 0.3125 0.0703125 0.11875
13 0.9296875 0.33046875 0.0875 0.125
13 0.79375 0.4546875 0.128125 0.1921875
13 0.74296875 0.4359375 0.078125 0.11875
13 0.71953125 0.4546875 0.0703125 0.1109375
13 0.47578125 0.52578125 0.0953125 0.128125
13 0.4125 0.48984375 0.08125 0.10625
13 0.328125 0.46953125 0.0703125 0.0953125
13 0.27421875 0.46328125 0.0734375 0.1015625
13 0.17890625 0.41953125 0.0765625 0.0984375
13 0.096875 0.39375 0.05625 0.0828125
13 0.04921875 0.38671875 0.05625 0.0875
13 0.02109375 0.38203125 0.0421875 0.0859375