13 0.91796875 0.29140625 0.0859375 0.1203125
13 0.88984375 0.3125 0.0921875 0.125
13 0.76328125 0.440625 0.134375 0.1875
13 0.71328125 0.425 0.08125 0.115625
13 0.68984375 0.44453125 0.071875 0.10625
13 0.45625 0.5265625 0.096875 0.125
13 0.39296875 0.4953125 0.084375 0.10625
13 0.309375 0.47890625 0.071875 0.09375
13 0.25703125 0.475 0.075 0.0984375
13 0.1609375 0.43828125 0.0765625 0.096875
13 0.07890625 0.4171875 0.059375 0.08125
13 0.03203125 0.4125 0.059375 0.084375
13 0.0140625 0.409375 0.028125 0.08125