13 0.9640625 0.4875 0.0421875 0.13125
13 0.93125 0.49140625 0.040625 0.1265625
13 0.75625 0.55390625 0.053125 0.1828125
13 0.71796875 0.51171875 0.046875 0.1171875
13 0.6875 0.52109375 0.040625 0.1171875
13 0.44375 0.5 0.0640625 0.140625
13 0.3953125 0.45390625 0.0546875 0.121875
13 0.32421875 0.39140625 0.04375 0.1140625
13 0.28046875 0.365625 0.0609375 0.1
13 0.20546875 0.2921875 0.034375 0.096875
13 0.1390625 0.2390625 0.0328125 0.0984375
13 0.09609375 0.215625 0.0328125 0.1109375
13 0.06875 0.19296875 0.028125 0.0890625
13 0.03359375 0.1765625 0.0359375 0.1
13 0.01015625 0.15234375 0.0203125 0.1171875