13 0.96640625 0.50859375 0.03515625 0.115625
13 0.93125 0.5140625 0.040625 0.115625
13 0.76171875 0.5671875 0.053125 0.1796875
13 0.72578125 0.53046875 0.03046875 0.11171875
13 0.696875 0.5375 0.0265625 0.10625
13 0.45546875 0.5 0.0484375 0.11328125
13 0.41484375 0.44296875 0.04296875 0.09375
13 0.34921875 0.39140625 0.03515625 0.08515625
13 0.30546875 0.36328125 0.0359375 0.090625
13 0.23984375 0.28671875 0.0421875 0.08515625
13 0.17890625 0.23125 0.025 0.0765625
13 0.13984375 0.2046875 0.02265625 0.08359375
13 0.1125 0.1875 0.02109375 0.0796875
13 0.078125 0.16875 0.03046875 0.078125
13 0.03984375 0.134375 0.040625 0.09921875