13 0.9640625 0.34921875 0.0625 0.1390625
13 0.91328125 0.36796875 0.084375 0.1453125
13 0.825 0.4015625 0.0796875 0.153125
13 0.746875 0.4421875 0.0921875 0.178125
13 0.69140625 0.47890625 0.1078125 0.215625
13 0.4890625 0.50234375 0.0796875 0.1515625
13 0.41640625 0.46875 0.078125 0.15
13 0.2953125 0.4078125 0.059375 0.096875
13 0.20078125 0.36796875 0.0640625 0.0984375
13 0.146875 0.3328125 0.059375 0.1140625
13 0.0984375 0.309375 0.0609375 0.0859375
13 0.01015625 0.26015625 0.0203125 0.1078125