13 0.97265625 0.51484375 0.03046875 0.128125
13 0.91640625 0.5171875 0.04453125 0.128125
13 0.8296875 0.52578125 0.0375 0.13671875
13 0.7484375 0.5421875 0.04296875 0.16015625
13 0.68984375 0.5609375 0.0484375 0.1953125
13 0.50234375 0.5296875 0.0390625 0.13515625
13 0.44609375 0.48046875 0.0375 0.13515625
13 0.353125 0.39453125 0.03359375 0.08359375
13 0.278125 0.33515625 0.0375 0.08515625
13 0.2390625 0.28984375 0.0296875 0.10078125
13 0.2015625 0.25703125 0.0375 0.07265625
13 0.1140625 0.184375 0.0390625 0.0921875