13 0.9578125 0.64140625 0.075 0.1296875
13 0.90234375 0.62421875 0.0859375 0.1484375
13 0.81328125 0.61953125 0.071875 0.1421875
13 0.7328125 0.6109375 0.0796875 0.153125
13 0.67265625 0.6203125 0.0953125 0.2015625
13 0.49609375 0.51640625 0.0640625 0.125
13 0.45625 0.45390625 0.0546875 0.10625
13 0.3859375 0.34765625 0.0578125 0.0859375
13 0.33203125 0.28203125 0.053125 0.0890625
13 0.30703125 0.21640625 0.053125 0.096875
13 0.27578125 0.17421875 0.0484375 0.0828125
13 0.2078125 0.08203125 0.0546875 0.0828125