13 0.9703125 0.5125 0.040625 0.12109375
13 0.9140625 0.5109375 0.04765625 0.13828125
13 0.828125 0.53046875 0.03515625 0.13515625
13 0.75 0.54375 0.040625 0.1453125
13 0.69453125 0.56953125 0.0421875 0.19375
13 0.49921875 0.51953125 0.03046875 0.11875
13 0.4453125 0.471875 0.028125 0.10078125
13 0.35 0.38984375 0.0359375 0.0765625
13 0.28046875 0.3421875 0.03046875 0.08203125
13 0.2390625 0.28671875 0.0296875 0.090625
13 0.1984375 0.25546875 0.028125 0.078125
13 0.10859375 0.18671875 0.03359375 0.075