11 0.1640625 0.24921875 0.2109375 0.125
11 0.14765625 0.34375 0.25625 0.0921875
11 0.24296875 0.4796875 0.1703125 0.071875
11 0.1765625 0.41953125 0.1765625 0.08125
11 0.1578125 0.57734375 0.1328125 0.10625
11 0.67109375 0.85390625 0.1703125 0.159375
11 0.3921875 0.85078125 0.1546875 0.15625
11 0.33828125 0.95625 0.1765625 0.0875
11 0.796875 0.53671875 0.10625 0.1078125
11 0.7078125 0.465625 0.1234375 0.1140625
11 0.47890625 0.36328125 0.259375 0.1875
11 0.76328125 0.35078125 0.1125 0.171875
11 0.8765625 0.3734375 0.18125 0.140625
11 0.9546875 0.5234375 0.0703125 0.1265625