11 0.11015625 0.36171875 0.2203125 0.1859375
11 0.1265625 0.45234375 0.253125 0.1734375
11 0.2578125 0.5375 0.175 0.121875
11 0.17734375 0.509375 0.18125 0.13125
11 0.2171875 0.6546875 0.1546875 0.140625
11 0.76953125 0.7171875 0.2046875 0.1984375
11 0.521875 0.8140625 0.190625 0.190625
11 0.52109375 0.92890625 0.1953125 0.1421875
11 0.76796875 0.390625 0.13125 0.1328125
11 0.6640625 0.36015625 0.15 0.1453125
11 0.42421875 0.3515625 0.2921875 0.2546875
11 0.671875 0.2390625 0.159375 0.190625
11 0.7796875 0.2171875 0.2078125 0.1875
11 0.90234375 0.32265625 0.10625 0.134375