11 0.19296875 0.22734375 0.19453125 0.1140625
11 0.175 0.315625 0.23828125 0.08203125
11 0.2625 0.44296875 0.15859375 0.06328125
11 0.2015625 0.38671875 0.16328125 0.071875
11 0.18125 0.5328125 0.12265625 0.096875
11 0.65546875 0.8 0.15546875 0.14609375
11 0.3953125 0.79296875 0.14140625 0.14296875
11 0.3453125 0.91015625 0.16015625 0.1140625
11 0.778125 0.50546875 0.0984375 0.09921875
11 0.69609375 0.43828125 0.1140625 0.10546875
11 0.484375 0.3390625 0.23828125 0.1703125
11 0.75 0.33203125 0.10234375 0.15859375
11 0.8546875 0.35390625 0.165625 0.128125
11 0.925 0.4953125 0.06328125 0.1171875