11 0.12890625 0.5625 0.1765625 0.071875
11 0.37421875 0.578125 0.20625 0.15
11 0.49140625 0.56328125 0.1078125 0.1375
11 0.59453125 0.68203125 0.1734375 0.1484375
11 0.7953125 0.56171875 0.134375 0.115625
11 0.95625 0.67109375 0.0875 0.0609375
11 0.859375 0.340625 0.1375 0.128125
11 0.9765625 0.3671875 0.046875 0.125
11 0.734375 0.29296875 0.090625 0.0890625
11 0.76328125 0.23984375 0.1109375 0.0640625
11 0.82109375 0.17109375 0.20625 0.1125
11 0.615625 0.046875 0.096875 0.09375
11 0.4796875 0.03671875 0.09375 0.0734375
11 0.2046875 0.0234375 0.209375 0.046875