11 0.15625 0.5421875 0.165625 0.06796875
11 0.3890625 0.55625 0.19453125 0.14296875
11 0.5 0.5421875 0.10234375 0.1296875
11 0.59765625 0.65546875 0.16484375 0.14140625
11 0.7875 0.54140625 0.128125 0.109375
11 0.94453125 0.64609375 0.090625 0.0578125
11 0.84765625 0.33203125 0.13125 0.12109375
11 0.96640625 0.35859375 0.059375 0.11953125
11 0.7296875 0.28671875 0.08515625 0.08515625
11 0.75703125 0.23671875 0.10546875 0.0609375
11 0.81171875 0.171875 0.19453125 0.10703125
11 0.61875 0.05 0.08984375 0.09921875
11 0.4890625 0.03984375 0.0890625 0.0796875
11 0.22890625 0.02734375 0.196875 0.05390625