11 0.1421875 0.5046875 0.1796875 0.0953125
11 0.378125 0.553125 0.2203125 0.175
11 0.49375 0.55546875 0.1234375 0.1484375
11 0.57734375 0.684375 0.1890625 0.16875
11 0.7890625 0.5953125 0.146875 0.13125
11 0.93046875 0.72265625 0.09375 0.0703125
11 0.88046875 0.3890625 0.1515625 0.1421875
11 0.9796875 0.43046875 0.040625 0.1265625
11 0.765625 0.325 0.0984375 0.1
11 0.8015625 0.278125 0.1171875 0.0765625
11 0.8671875 0.21953125 0.215625 0.1375
11 0.68515625 0.06953125 0.109375 0.1078125
11 0.55390625 0.0421875 0.1015625 0.084375
11 0.28828125 0.01484375 0.2078125 0.0296875