11 0.8546875 0.14609375 0.19375 0.153125
11 0.8 0.32421875 0.215625 0.15625
11 0.71328125 0.43515625 0.15625 0.1796875
11 0.88359375 0.56796875 0.0859375 0.075
11 0.51640625 0.5703125 0.2015625 0.21875
11 0.41484375 0.746875 0.1734375 0.1609375
11 0.153125 0.83203125 0.0828125 0.1375
11 0.26640625 0.88359375 0.078125 0.121875
11 0.33671875 0.5234375 0.0921875 0.1171875
11 0.265625 0.559375 0.071875 0.1265625
11 0.20390625 0.54921875 0.08125 0.0984375
11 0.53203125 0.38671875 0.11875 0.1265625
11 0.6671875 0.25234375 0.134375 0.1375