11 0.9515625 0.3484375 0.096875 0.18125
11 0.87734375 0.49140625 0.240625 0.1984375
11 0.7421875 0.5515625 0.190625 0.2078125
11 0.834375 0.75703125 0.0984375 0.090625
11 0.49453125 0.5796875 0.2421875 0.2546875
11 0.31484375 0.69296875 0.203125 0.1953125
11 0.04296875 0.64296875 0.0859375 0.1515625
11 0.1109375 0.74609375 0.1 0.1328125
11 0.35234375 0.4484375 0.1140625 0.1328125
11 0.26875 0.44609375 0.0953125 0.1359375
11 0.2171875 0.40703125 0.1015625 0.1125
11 0.6 0.41796875 0.14375 0.1484375
11 0.7890625 0.3609375 0.1625 0.1625