11 0.890625 0.20859375 0.175 0.1265625
11 0.8140625 0.37421875 0.1953125 0.128125
11 0.7140625 0.4703125 0.13359375 0.16015625
11 0.86171875 0.62265625 0.075 0.06328125
11 0.503125 0.575 0.17265625 0.19296875
11 0.38046875 0.7328125 0.15234375 0.1390625
11 0.1140625 0.78046875 0.06484375 0.128125
11 0.21796875 0.8453125 0.0609375 0.1109375
11 0.33515625 0.5046875 0.07734375 0.1046875
11 0.26015625 0.5296875 0.053125 0.1171875
11 0.20234375 0.51171875 0.06875 0.08828125
11 0.54453125 0.3984375 0.103125 0.1109375
11 0.69375 0.2859375 0.11796875 0.11875