10 0.0890625 0.6015625 0.1015625 0.121875
10 0.14765625 0.6234375 0.1171875 0.1140625
10 0.19375 0.640625 0.1265625 0.1484375
10 0.2421875 0.67265625 0.125 0.1453125
10 0.3203125 0.69453125 0.1296875 0.1484375
10 0.37578125 0.73125 0.1171875 0.1421875
10 0.4203125 0.75390625 0.128125 0.1640625
11 0.50234375 0.6046875 0.09375 0.1078125
11 0.59609375 0.62734375 0.09375 0.1140625
11 0.6484375 0.615625 0.1796875 0.171875
11 0.28359375 0.54609375 0.0734375 0.084375
11 0.3078125 0.58515625 0.103125 0.1140625
11 0.35859375 0.6109375 0.0953125 0.1078125
11 0.28203125 0.4671875 0.1140625 0.1546875
11 0.35390625 0.48828125 0.1140625 0.134375
11 0.3921875 0.5171875 0.0734375 0.0921875
11 0.425 0.50625 0.0796875 0.0953125
11 0.4484375 0.54453125 0.0890625 0.109375