10 0.19375 0.75234375 0.059375 0.10078125
10 0.253125 0.7484375 0.08671875 0.08125
10 0.30078125 0.74453125 0.07734375 0.12265625
10 0.35546875 0.75234375 0.07734375 0.1171875
10 0.43359375 0.73984375 0.08125 0.11953125
10 0.49609375 0.75 0.0703125 0.1171875
10 0.54375 0.7515625 0.0703125 0.1421875
11 0.5546875 0.58828125 0.059375 0.08671875
11 0.6453125 0.5703125 0.05546875 0.09453125
11 0.68671875 0.53828125 0.134375 0.11953125
11 0.33984375 0.62578125 0.04609375 0.0671875
11 0.37734375 0.65 0.06796875 0.0890625
11 0.43203125 0.6515625 0.0609375 0.08671875
11 0.30703125 0.5578125 0.05703125 0.1359375
11 0.378125 0.546875 0.0703125 0.10859375
11 0.4234375 0.55625 0.0421875 0.078125
11 0.44765625 0.534375 0.04765625 0.078125
11 0.4828125 0.5578125 0.0515625 0.0921875