10 0.25 0.80546875 0.0828125 0.1171875
10 0.31171875 0.78828125 0.10625 0.103125
10 0.35859375 0.7734375 0.10625 0.14375
10 0.4171875 0.7703125 0.1046875 0.1359375
10 0.49375 0.73984375 0.109375 0.140625
10 0.56015625 0.73671875 0.0984375 0.134375
10 0.61015625 0.72734375 0.103125 0.1625
11 0.5859375 0.5578125 0.0796875 0.1015625
11 0.67421875 0.51875 0.0765625 0.109375
11 0.71015625 0.47734375 0.165625 0.1515625
11 0.37265625 0.64296875 0.0625 0.078125
11 0.41640625 0.66015625 0.0890625 0.10625
11 0.4734375 0.64921875 0.08125 0.1015625
11 0.32421875 0.58046875 0.0890625 0.153125
11 0.39453125 0.55390625 0.09375 0.1265625
11 0.44375 0.55390625 0.0609375 0.0890625
11 0.4640625 0.525 0.065625 0.090625
11 0.5046875 0.5421875 0.0734375 0.10625