11 0.10078125 0.4359375 0.10625 0.1796875
11 0.22265625 0.46640625 0.19375 0.2390625
11 0.3421875 0.5125 0.228125 0.25625
11 0.18359375 0.33515625 0.11875 0.184375
11 0.5625 0.41171875 0.1453125 0.25625
11 0.6546875 0.26953125 0.1375 0.2203125
11 0.76796875 0.31015625 0.1375 0.2046875
11 0.88671875 0.6171875 0.1421875 0.2359375
11 0.8046875 0.47109375 0.1828125 0.2453125
11 0.89140625 0.27578125 0.125 0.1921875
11 0.8234375 0.0671875 0.15625 0.134375
11 0.62578125 0.1359375 0.159375 0.1734375
11 0.1859375 0.31875 0.10625 0.1328125