11 0.15 0.35390625 0.05546875 0.15859375
11 0.2515625 0.41484375 0.13046875 0.19453125
11 0.3453125 0.48828125 0.1625 0.20234375
11 0.25234375 0.28671875 0.065625 0.16015625
11 0.57109375 0.45859375 0.071875 0.228125
11 0.69296875 0.35703125 0.075 0.19296875
11 0.7828125 0.42421875 0.08046875 0.17578125
11 0.80546875 0.73125 0.07578125 0.20703125
11 0.771875 0.57890625 0.11796875 0.20390625
11 0.903125 0.42734375 0.07109375 0.16640625
11 0.92421875 0.18828125 0.12421875 0.17890625
11 0.70234375 0.22890625 0.11484375 0.134375
11 0.25859375 0.2734375 0.07109375 0.1078125