11 0.10859375 0.475 0.1140625 0.1796875
11 0.23203125 0.49921875 0.203125 0.24375
11 0.353125 0.53828125 0.2375 0.2625
11 0.1859375 0.3703125 0.125 0.184375
11 0.56875 0.42578125 0.1546875 0.2546875
11 0.65390625 0.28046875 0.1453125 0.221875
11 0.76875 0.31484375 0.146875 0.2078125
11 0.90390625 0.61484375 0.1515625 0.234375
11 0.8140625 0.47421875 0.19375 0.2484375
11 0.88984375 0.27421875 0.13125 0.19375
11 0.8078125 0.06953125 0.159375 0.1390625
11 0.6171875 0.1484375 0.165625 0.1765625
11 0.1875 0.3546875 0.1109375 0.134375