11 0.5796875 0.76875 0.5171875 0.46171875
4 0.91640625 0.46484375 0.1671875 0.5140625
4 0.8625 0.79921875 0.275 0.4015625
13 0.1328125 0.5796875 0.09921875 0.41015625
13 0.1265625 0.16484375 0.0765625 0.3296875
13 0.215625 0.2265625 0.07421875 0.28359375
13 0.28515625 0.34609375 0.04609375 0.3515625
13 0.33671875 0.3859375 0.04765625 0.3640625
13 0.4578125 0.2546875 0.0703125 0.29140625
13 0.60546875 0.2328125 0.0578125 0.3453125
13 0.39453125 0.528125 0.08046875 0.190625
13 0.49375 0.47578125 0.075 0.159375