11 0.6875 0.11796875 0.1125 0.12421875
11 0.74921875 0.10234375 0.10859375 0.14765625
11 0.759375 0.24765625 0.21484375 0.13671875
11 0.86640625 0.42265625 0.17109375 0.240625
11 0.7546875 0.36953125 0.1015625 0.12421875
11 0.68203125 0.48203125 0.14140625 0.19296875
11 0.521875 0.603125 0.071875 0.16953125
11 0.43046875 0.8375 0.15859375 0.2203125
11 0.425 0.4890625 0.15390625 0.19296875
11 0.425 0.35703125 0.1375 0.15859375
11 0.18125 0.45546875 0.1015625 0.16640625
11 0.0875 0.52890625 0.140625 0.2078125