11 0.3625 0.77265625 0.20234375 0.2234375
11 0.57421875 0.7296875 0.140625 0.240625
11 0.15 0.74921875 0.1828125 0.18984375
11 0.1359375 0.6328125 0.13515625 0.16953125
11 0.28125 0.57734375 0.13671875 0.16953125
11 0.4890625 0.56015625 0.15859375 0.16015625
11 0.66484375 0.53828125 0.13359375 0.07421875
11 0.65859375 0.68359375 0.15625 0.19453125
11 0.83359375 0.634375 0.1390625 0.19765625
11 0.91484375 0.5375 0.109375 0.140625
11 0.7609375 0.5234375 0.0984375 0.1359375
11 0.84296875 0.50703125 0.0546875 0.134375
11 0.3875 0.4765625 0.1046875 0.18828125
11 0.140625 0.49921875 0.1109375 0.11875
11 0.109375 0.43203125 0.08671875 0.08984375
11 0.2609375 0.4484375 0.1125 0.134375
11 0.3015625 0.34375 0.109375 0.103125
11 0.725 0.3921875 0.12734375 0.1515625
11 0.640625 0.4671875 0.053125 0.11875
11 0.55390625 0.44765625 0.1 0.1171875
11 0.50234375 0.325 0.1265625 0.125
11 0.62265625 0.3015625 0.078125 0.09375
11 0.390625 0.2921875 0.0953125 0.140625
11 0.14921875 0.27421875 0.08203125 0.103125
11 0.07734375 0.3234375 0.08828125 0.121875