11 0.24609375 0.69765625 0.284375 0.2953125
11 0.46015625 0.75 0.234375 0.284375
11 0.0921875 0.58359375 0.184375 0.2546875
11 0.09765625 0.4703125 0.1953125 0.215625
11 0.2546875 0.48203125 0.2015625 0.2171875
11 0.45390625 0.55625 0.215625 0.2171875
11 0.6265625 0.61171875 0.15625 0.1265625
11 0.5578125 0.74375 0.228125 0.246875
11 0.74140625 0.7734375 0.2125 0.2421875
11 0.8578125 0.71875 0.1609375 0.1765625
11 0.721875 0.6390625 0.15 0.16875
11 0.8046875 0.659375 0.109375 0.1484375
11 0.396875 0.43515625 0.178125 0.2203125
11 0.15859375 0.34921875 0.153125 0.1578125
11 0.15859375 0.2734375 0.11875 0.1203125
11 0.29140625 0.35390625 0.1609375 0.1734375
11 0.37421875 0.27421875 0.146875 0.14375
11 0.74609375 0.5015625 0.184375 0.1953125
11 0.63515625 0.534375 0.1015625 0.134375
11 0.56328125 0.4796875 0.14375 0.153125
11 0.56875 0.34375 0.171875 0.1703125
11 0.6890625 0.3734375 0.1125 0.1203125
11 0.47890625 0.26484375 0.1484375 0.171875
11 0.26328125 0.14375 0.1203125 0.13125
11 0.17578125 0.159375 0.134375 0.1515625