11 0.8515625 0.9203125 0.1265625 0.1203125
11 0.7765625 0.8140625 0.1046875 0.1109375
11 0.728125 0.71796875 0.090625 0.09375
11 0.51484375 0.75234375 0.1078125 0.1515625
11 0.4078125 0.6453125 0.096875 0.109375
11 0.153125 0.56484375 0.140625 0.1484375
11 0.12265625 0.40703125 0.0640625 0.0859375
11 0.103125 0.34765625 0.0734375 0.103125
11 0.040625 0.334375 0.0453125 0.0765625
11 0.19140625 0.23515625 0.0703125 0.0875
11 0.31015625 0.23671875 0.046875 0.0828125
11 0.321875 0.328125 0.109375 0.1015625
11 0.23671875 0.3828125 0.090625 0.1046875
11 0.35703125 0.41953125 0.115625 0.1234375
11 0.55234375 0.4546875 0.096875 0.1171875
11 0.54296875 0.6390625 0.0859375 0.1125
11 0.62578125 0.5890625 0.1265625 0.128125
11 0.828125 0.59921875 0.065625 0.084375
11 0.88046875 0.66875 0.0875 0.1
11 0.94765625 0.5625 0.103125 0.096875
11 0.85 0.4453125 0.0875 0.0828125
11 0.89609375 0.39296875 0.084375 0.0828125
11 0.77734375 0.3765625 0.0484375 0.0828125
11 0.7625 0.1609375 0.0859375 0.096875
11 0.396875 0.2578125 0.059375 0.09375