11 0.90859375 0.8015625 0.09921875 0.09140625
11 0.81796875 0.72109375 0.0796875 0.0890625
11 0.7546875 0.64375 0.0703125 0.0734375
11 0.5671875 0.71953125 0.07421875 0.12734375
11 0.4484375 0.6453125 0.07265625 0.0875
11 0.20078125 0.62578125 0.1078125 0.11640625
11 0.13984375 0.4890625 0.04453125 0.07265625
11 0.109375 0.43828125 0.04921875 0.0859375
11 0.0453125 0.43984375 0.0375 0.065625
11 0.16640625 0.31875 0.05 0.07109375
11 0.27421875 0.29453125 0.028125 0.07265625
11 0.30390625 0.375 0.0875 0.078125
11 0.23828125 0.44296875 0.06640625 0.084375
11 0.35546875 0.45078125 0.0875 0.0984375
11 0.53984375 0.44140625 0.07109375 0.0953125
11 0.5703125 0.6109375 0.0609375 0.09296875
11 0.63515625 0.5484375 0.09765625 0.10078125
11 0.8203125 0.51484375 0.04765625 0.06953125
11 0.8828125 0.5671875 0.065625 0.07890625
11 0.92109375 0.45625 0.08203125 0.0734375
11 0.8078125 0.3703125 0.0703125 0.0625
11 0.83828125 0.3140625 0.06640625 0.0640625
11 0.72734375 0.3234375 0.03046875 0.07265625
11 0.66953125 0.13046875 0.0640625 0.078125
11 0.3578125 0.29609375 0.0390625 0.08046875