11 0.44609375 0.8046875 0.2640625 0.2765625
11 0.63984375 0.70078125 0.209375 0.275
11 0.23203125 0.84609375 0.234375 0.2390625
11 0.184375 0.7359375 0.18125 0.20625
11 0.30859375 0.6390625 0.184375 0.20625
11 0.50546875 0.5609375 0.203125 0.2046875
11 0.6703125 0.4875 0.1515625 0.1109375
11 0.70703125 0.63046875 0.2109375 0.2359375
11 0.86328125 0.53046875 0.1953125 0.234375
11 0.9125 0.4125 0.146875 0.16875
11 0.759375 0.44375 0.1375 0.1609375
11 0.834375 0.40390625 0.0921875 0.146875
11 0.3828125 0.509375 0.159375 0.2140625
11 0.14921875 0.6046875 0.14375 0.1484375
11 0.0984375 0.54921875 0.1109375 0.1125
11 0.25078125 0.5203125 0.1484375 0.1640625
11 0.25859375 0.40546875 0.1375 0.134375
11 0.6859375 0.32734375 0.1703125 0.184375
11 0.62578125 0.425 0.0859375 0.13125
11 0.5359375 0.43203125 0.13125 0.14375
11 0.44921875 0.32734375 0.159375 0.159375
11 0.55859375 0.26953125 0.103125 0.115625
11 0.33046875 0.3296875 0.134375 0.165625
11 0.08984375 0.38359375 0.1109375 0.1265625
11 0.04765625 0.45234375 0.0953125 0.1453125