11 0.76875 0.9765625 0.1125 0.046875
11 0.73046875 0.90078125 0.1203125 0.125
11 0.703125 0.7953125 0.103125 0.1046875
11 0.484375 0.784375 0.13125 0.159375
11 0.4015625 0.65703125 0.1125 0.1203125
11 0.1671875 0.5234375 0.1578125 0.1640625
11 0.1703125 0.3609375 0.0765625 0.0921875
11 0.16328125 0.29765625 0.0875 0.1078125
11 0.09921875 0.26875 0.0671875 0.08125
11 0.27421875 0.20546875 0.0828125 0.09375
11 0.390625 0.23125 0.0625 0.0859375
11 0.3828125 0.32421875 0.121875 0.1171875
11 0.28828125 0.3609375 0.1046875 0.1140625
11 0.39921875 0.42265625 0.13125 0.1375
11 0.58515625 0.49765625 0.1140625 0.1265625
11 0.5375 0.67890625 0.103125 0.1203125
11 0.6296875 0.646875 0.1421875 0.14375
11 0.82734375 0.6984375 0.0796875 0.090625
11 0.8640625 0.778125 0.1 0.10625
11 0.9375 0.67890625 0.084375 0.0953125
11 0.88203125 0.55 0.1 0.0953125
11 0.9375 0.509375 0.09375 0.0921875
11 0.8234375 0.4671875 0.0640625 0.0859375
11 0.8546875 0.25078125 0.0984375 0.10625
11 0.4734375 0.27109375 0.075 0.096875