7 0.34140625 0.2828125 0.0359375 0.05859375
7 0.30703125 0.36328125 0.08671875 0.08984375
7 0.36484375 0.4796875 0.059375 0.1109375
7 0.63515625 0.578125 0.1359375 0.2515625
7 0.95390625 0.465625 0.08984375 0.1296875
12 0.8015625 0.49453125 0.08125 0.1296875
12 0.378125 0.815625 0.3046875 0.31171875
12 0.56015625 0.25078125 0.20234375 0.2546875
12 0.9078125 0.06328125 0.1265625 0.065625
12 0.740625 0.0609375 0.17578125 0.0703125
12 0.13046875 0.48515625 0.23125 0.34375
12 0.82109375 0.88984375 0.2796875 0.15546875