13 0.87265625 0.66484375 0.2515625 0.6703125
13 0.7671875 0.2640625 0.08359375 0.11796875
13 0.69921875 0.65390625 0.28984375 0.684375
13 0.50390625 0.57109375 0.25390625 0.85234375
5 0.8703125 0.91171875 0.021875 0.0265625
13 0.6921875 0.19453125 0.08984375 0.22734375
13 0.17421875 0.08984375 0.06015625 0.09765625
13 0.96796875 0.2484375 0.0640625 0.209375
13 0.41484375 0.21796875 0.14609375 0.2546875
13 0.3828125 0.18359375 0.05078125 0.09375
13 0.62890625 0.32734375 0.1375 0.33515625
13 0.8640625 0.30546875 0.1890625 0.459375
13 0.86875 0.44140625 0.14921875 0.23671875
13 0.12265625 0.5640625 0.23984375 0.871875