13 0.86015625 0.61484375 0.2796875 0.7015625
13 0.7328125 0.2265625 0.0984375 0.1296875
13 0.7109375 0.628125 0.3796875 0.725
13 0.50078125 0.5609375 0.3640625 0.878125
5 0.91796875 0.87421875 0.0265625 0.0296875
13 0.646875 0.165625 0.1203125 0.24375
13 0.10703125 0.12421875 0.0734375 0.1078125
13 0.93359375 0.1859375 0.0875 0.2203125
13 0.36796875 0.22421875 0.18125 0.278125
13 0.33125 0.19296875 0.0625 0.1015625
13 0.59921875 0.309375 0.18125 0.3578125
13 0.83671875 0.25703125 0.25 0.4921875
13 0.85859375 0.3953125 0.18125 0.259375
13 0.14375 0.5765625 0.2875 0.846875